4831801413124
6225293628987
2798992400448
2618472827593
5881614338588
1167560045683
1377576542174
6652957430811
1113464571652
6195971631973
3926533979601
4348161425378
6469091535068
1204590944518
3107633625020
3233765809241
1520472402571
3667982739267
3531677184549
5996076917158
4573115265629
7509240246506
3970002399275
1613448133666
4488796302854
331781508389
6928573039429
4562884362631
1565869504622
4456430047346
5430677096115
6095876136488
1766883493278
6226961938258
3474958758444
1806040112025
7566871173692
3010689175783
7409259471749
4659328374640
141739742336
6325301289172
5586295389255
5999492231316
6228523735118
1612018181621
3899162761579
752623194538
1461676201461
448085909334
4224906075603
486592117681
4233807603208
3257204623554
4418481851608
4105137384999
134880786813
2079121885526
3516650184087
6958606481510
1258477307881
4669081962251
1124757513288
6950878846508
7576236083410
4194139512491
3732841085293
2501820230534
2559689502146
6738338858999
4010933487878
7197651476621
2793709695256
1321435418424
3750261035406
5703182697396
5215869070858
1042144156773
4988227714700
421529110835
2910052032617
6512787432426
7301684787716
473420036133
7208815358325
3097916891495
